{
  "prompt": "Explain quantum physics to a 5-year-old",
  "model": "mistral",
  "n_samples": 10,
  "refine_rounds": 2,
  "winner_id": 2,
  "raw_winner": "Alright, let's imagine you have a magic box of toys. Inside the box, there are lots of different toys like cars, dolls, and balls. Now, in our everyday world, when we open the box, we can see each toy individually because they don't affect each other.\n\nBut in the land of quantum physics, things are a bit strange! Let's say when you open this magic box, all the toys could be mixed up and become a big jumble of cars, dolls, and balls. We can't see or know exactly what's inside until we look carefully.\n\nBut here's the weird part: as soon as we look at the box (or measure it), it instantly knows that we're looking and becomes like our everyday world where all the toys are separated. This is called the principle of quantum superposition, where things can exist in multiple states at once until they are measured or observed!\n\nAnother interesting thing about this magic box is something called entanglement. Imagine you take two cars out from the box and put them on different sides of a big mountain. Even if you separate them far away, if someone changes one car's color (measured), the other car's color also instantly changes to match! This is because they are entangled, meaning they act as a single unit even when they're apart.\n\nQuantum physics can be very confusing and mysterious, but it helps us understand how tiny particles in the universe behave at an extremely small scale. And who knows? Maybe one day you will grow up to become a quantum physicist and discover even more fascinating things about this strange and magical world!",
  "refinements": [
    "Sure, let's take a fun journey together to explore the mysterious world of quantum physics! Imagine you have a magic toy chest filled with all sorts of toys like cars, dolls, and balls. Now, in our everyday world, when we open this chest, each toy is neatly separated because they don't interfere with one another.\n\nBut in the magical land of quantum physics, things are quite different! Let's say when you open this chest, all the toys could be mixed up and become a big jumble. We can't see or know exactly what's inside until we look carefully. This is because, at the quantum level, particles can exist in multiple places at once until they are measured or observed!\n\nThis strange behavior is called quantum superposition. It's like having two identical toy cars that can be in two different rooms at the same time, until someone looks and finds them in one room only. When we look or measure a particle, it instantly chooses to be in just one place, just like our toys in the chest.\n\nAnother fascinating aspect of quantum physics is something called entanglement. Imagine you take two cars out from the chest and put them on opposite sides of a large playground. Even if you separate them far away, if someone changes one car's color (measures it), the other car's color also instantly changes to match! This is because they are entangled, meaning they act as a single unit even when they're apart.\n\nQuantum physics can be very confusing and mysterious, but it helps us understand how tiny particles in the universe behave at an extremely small scale. It's like having a secret language that only these tiny particles understand! And who knows? Maybe one day you will grow up to become a quantum physicist and discover even more fascinating things about this strange and magical world!",
    "Let's embark on an exciting adventure to explore the captivating realm of quantum physics! Imagine you have a magical box filled with various toys such as cars, dolls, and balls. In our everyday world, when we open this box, each toy remains separate because they don't affect one another.\n\nHowever, in the mystical land of quantum physics, things work quite differently! Let's consider that when you open this box, all toys could be jumbled together due to a peculiar phenomenon called quantum superposition. In our ordinary world, we can see and know exactly where each toy is; but at the quantum level, particles can exist in multiple places simultaneously until they are measured or observed!\n\nThis strange behavior suggests that two identical toy cars might be found in two different rooms at the same time, until someone looks to find them in one room only. When we measure a particle, it instantly chooses to be in just one place, much like our toys in the box when we look inside.\n\nAnother intriguing aspect of quantum physics is entanglement. Suppose you take two cars out from the box and place them on opposite sides of a large playground. Even if you separate them far away, if someone changes one car's color (measures it), the other car's color will instantly change to match! This happens because they are entangled, meaning they behave as a single unit even when they're apart.\n\nQuantum physics can be perplexing and mysterious, but it provides us with essential insights into how microscopic particles in the universe behave at an incredibly small scale. It's like possessing a secret code book that only these tiny particles understand! Who knows? Maybe one day you will grow up to become a quantum physicist and uncover even more astonishing secrets about this strange and magical world!"
  ],
  "final_output": "Let's embark on an exciting adventure to explore the captivating realm of quantum physics! Imagine you have a magical box filled with various toys such as cars, dolls, and balls. In our everyday world, when we open this box, each toy remains separate because they don't affect one another.\n\nHowever, in the mystical land of quantum physics, things work quite differently! Let's consider that when you open this box, all toys could be jumbled together due to a peculiar phenomenon called quantum superposition. In our ordinary world, we can see and know exactly where each toy is; but at the quantum level, particles can exist in multiple places simultaneously until they are measured or observed!\n\nThis strange behavior suggests that two identical toy cars might be found in two different rooms at the same time, until someone looks to find them in one room only. When we measure a particle, it instantly chooses to be in just one place, much like our toys in the box when we look inside.\n\nAnother intriguing aspect of quantum physics is entanglement. Suppose you take two cars out from the box and place them on opposite sides of a large playground. Even if you separate them far away, if someone changes one car's color (measures it), the other car's color will instantly change to match! This happens because they are entangled, meaning they behave as a single unit even when they're apart.\n\nQuantum physics can be perplexing and mysterious, but it provides us with essential insights into how microscopic particles in the universe behave at an incredibly small scale. It's like possessing a secret code book that only these tiny particles understand! Who knows? Maybe one day you will grow up to become a quantum physicist and uncover even more astonishing secrets about this strange and magical world!",
  "samples": [
    {
      "id": 1,
      "text": "Alright, let's imagine you have a magic box called a \"Quantum Box.\" This special box is filled with tiny, colorful marbles. Now, here are some rules:\n\n1. In a regular box, you can see all the marbles because they are big and you can move them around easily. But in our Quantum Box, the marbles are so small that we can't see them or move them around like we want. We can only know if they are here or there, but not both at the same time. This is called \"quantum superposition.\"\n\n2. Imagine you want to find out if all the marbles are in one corner of the box. To do this, we need to look inside the box, but as soon as we look, it changes where the marbles are! We call this \"quantum observation.\" It's like peeking at a surprise present and accidentally changing what's inside.\n\n3. Sometimes, instead of one marble, there might be two or even zero marbles in a corner. But when we check, we find one marble there anyway. This is called \"quantum entanglement.\" If you have two Quantum Boxes with entangled marbles and change something in one box, the same thing happens instantly in the other box, no matter how far apart they are!\n\n4. Another strange thing about our Quantum Box is that sometimes, if we know what one marble did before, we can guess where the others will be without even looking. This is called \"quantum correlation.\" But remember, we can't always do this because of superposition and observation rules.\n\nNow, these ideas might sound weird and hard to understand. That's okay! Even scientists have been trying to figure out quantum physics for a very long time. And sometimes, they still don't agree on everything! But that's what makes it so fascinating. Just remember, our magic Quantum Box isn't really magical \u2013 it helps us study the tiny world at the very smallest level, and that can help us understand many things in our everyday lives too!",
      "avg_similarity": 0.7628211975097656,
      "is_winner": false,
      "coordinates": [
        80.0,
        -20.311817169189453
      ]
    },
    {
      "id": 2,
      "text": "Alright, let's imagine you have a box of magical LEGO blocks. In a regular LEGO set, every block is the same size and shape, right? But in this magic box, each block can be any size or shape you want, even at the same time!\n\nNow, imagine these magic blocks are tiny particles called \"quantum particles.\" Just like our magical LEGO blocks, these quantum particles can exist in multiple places at the same time, and they don't always follow the rules we know from everyday life. That's what quantum physics is all about! It's a way of understanding how these magic particles behave.\n\nBut don't worry, most of the world still follows the regular rules you're used to. Only very tiny things, like atoms and subatomic particles, behave this way!",
      "avg_similarity": 0.7271231412887573,
      "is_winner": false,
      "coordinates": [
        -43.70207214355469,
        15.654487609863281
      ]
    },
    {
      "id": 3,
      "text": "Alright, let's imagine you have a magic box of toys. Inside the box, there are lots of different toys like cars, dolls, and balls. Now, in our everyday world, when we open the box, we can see each toy individually because they don't affect each other.\n\nBut in the land of quantum physics, things are a bit strange! Let's say when you open this magic box, all the toys could be mixed up and become a big jumble of cars, dolls, and balls. We can't see or know exactly what's inside until we look carefully.\n\nBut here's the weird part: as soon as we look at the box (or measure it), it instantly knows that we're looking and becomes like our everyday world where all the toys are separated. This is called the principle of quantum superposition, where things can exist in multiple states at once until they are measured or observed!\n\nAnother interesting thing about this magic box is something called entanglement. Imagine you take two cars out from the box and put them on different sides of a big mountain. Even if you separate them far away, if someone changes one car's color (measured), the other car's color also instantly changes to match! This is because they are entangled, meaning they act as a single unit even when they're apart.\n\nQuantum physics can be very confusing and mysterious, but it helps us understand how tiny particles in the universe behave at an extremely small scale. And who knows? Maybe one day you will grow up to become a quantum physicist and discover even more fascinating things about this strange and magical world!",
      "avg_similarity": 0.8206048011779785,
      "is_winner": true,
      "coordinates": [
        32.852333068847656,
        -7.929924011230469
      ]
    },
    {
      "id": 4,
      "text": "Alright, let's imagine you're playing with your toy blocks. Normally, when you move one block, it goes where you put it and stays there, right? But in the world of tiny particles like atoms and light, things work a bit differently.\n\nQuantum physics is the rules book for these tiny toys. Here are some strange rules:\n\n1. **Tunneling**: Imagine if your toy block could go through walls! That's kind of what happens with tiny particles. They can pop up on the other side of an obstacle, even if it seems impossible.\n\n2. **Superposition**: You know how in a game of Simon Says, you can do multiple things at once, like clapping and jumping? Tiny particles can be in many places or states at the same time! But when we look at them, they pick one place or state to be.\n\n3. **Quantum Entanglement**: This is like when your toy blocks always seem to know what each other is doing, no matter how far apart they are. If two particles are entangled, changing something about one particle will instantly change the other, no matter how far apart they are!\n\n4. **Uncertainty Principle**: In regular life, if you want to know someone's exact speed and direction, you can do that. But with tiny particles, we can only know either their position or speed exactly. Trying to find out both at the same time makes them act weirdly.\n\nRemember, this is a very simplified explanation of quantum physics! It takes scientists a lot of studying to understand all the rules and how they work together.",
      "avg_similarity": 0.7302907705307007,
      "is_winner": false,
      "coordinates": [
        42.27534484863281,
        80.0
      ]
    },
    {
      "id": 5,
      "text": "Alright, let's imagine you have a magic box! This magic box is very special because it can make two tiny toys pop out at the same time. But here's the catch, when you look inside the box, you only see one toy coming out. It's like magic, right?\n\nNow, in our real world, this magic box is called an atom, and the toys are tiny particles called electrons. In quantum physics, we study how these particles behave, and it can sometimes be really weird because they act like they're in two places at once, just like our magic box!\n\nBut don't worry, you don't need to understand all of this right away. As you grow older, you'll learn more about it in school. For now, let's go back to playing and having fun! \ud83d\ude0a",
      "avg_similarity": 0.6508861780166626,
      "is_winner": false,
      "coordinates": [
        -80.0,
        -20.38837432861328
      ]
    },
    {
      "id": 6,
      "text": "Alright, let's imagine you have a magic box! This special box is filled with tiny, tiny dance balls. But not like the ones at your birthday party, these are so small that millions can fit in a single point of light.\n\nNow, imagine you shake this box very hard. When you open it, some balls might land in one corner, some in another, and some might even bounce off the sides! That's kind of like what happens with tiny particles in the world of quantum physics.\n\nIn our normal world, we think things move smoothly and predictably, like a ball rolling downhill. But in the quantum world, it's more like these dance balls, sometimes doing unexpected things! This is why scientists call it \"quantum weirdness.\" It's really strange and different from how we see things in our everyday life.\n\nAnd just like you can't watch a cartoon and also be in it at the same time (that would be silly!), in the quantum world, some particles don't have set properties until they're being watched or measured. That means if we try to look too closely, we might disturb what we're trying to observe \u2013 another one of those \"quantum weirdness\" rules!\n\nSo, quantum physics is like exploring a really magical and mysterious world where tiny particles don't always follow the same rules as our everyday world! Isn't that cool?",
      "avg_similarity": 0.7337737083435059,
      "is_winner": false,
      "coordinates": [
        -7.217323303222656,
        -1.6640777587890625
      ]
    },
    {
      "id": 7,
      "text": "Alright, let's have some fun with that! Imagine you're playing with your toy box. Inside, you have blocks of different colors and shapes. Now, if we compare this to the tiny particles that make up everything around us (like atoms and photons), in our normal world, each block can only be one color or shape at a time.\n\nBut in the quantum world, things are a little more magical! Just like your toy blocks can be many colors all at once if you squint really hard (which we can't do with real blocks, unfortunately), these tiny particles can be in multiple places and states all at the same time. It's like they're playing hide-and-seek and are everywhere and nowhere at the same moment!\n\nThis is called superposition \u2013 when a particle can exist in multiple states or places simultaneously. But wait, there's more! Sometimes these particles don't want to stick around and be found; they prefer to disappear and reappear somewhere else, like a magic trick! This phenomenon is called quantum entanglement. When two particles become entangled, no matter how far apart they are, changing something about one will instantly change the other, even if it's light-years away!\n\nSo while playing with your toy blocks helps us understand some things in our world, quantum physics lets us explore a whole new magical land of tiny particles that can be in many places and states all at once, vanish and reappear instantly, and know what the other is doing even when they're far apart. Isn't that amazing?",
      "avg_similarity": 0.7891272306442261,
      "is_winner": false,
      "coordinates": [
        41.30345153808594,
        20.237159729003906
      ]
    },
    {
      "id": 8,
      "text": "Sure, let's imagine you have a magic box called a Quantum Box. This box is special because it can hold tiny particles called \"quantums.\" Now, in our normal world, if we put one ball into a box, there would only be one ball inside, right? But the Quantum Box doesn't work like that.\n\nSometimes, when you look at the Quantum Box, it might seem like there is only one quantum inside. Other times, it might appear as if two or more quantums are there! This is because quantums can be in multiple places at the same time, a thing we call \"superposition.\" But here's the twist: when you look again or measure what's inside, the Quantum Box will pick one option to show you. This is called the act of observation or measurement collapsing the superposition.\n\nIn quantum physics, we say that particles like these behave both as if they are particles and waves at the same time. It's a bit hard to understand for us big kids too! But that's the magic of Quantum Physics!",
      "avg_similarity": 0.7531687021255493,
      "is_winner": false,
      "coordinates": [
        35.149192810058594,
        -80.0
      ]
    },
    {
      "id": 9,
      "text": "Alright, let's imagine you have a box of magical LEGO blocks. In a regular LEGO set, each block is the same size and shape. But in this magical box, the blocks can be many different sizes and shapes at the same time! That's kind of like what happens in quantum physics.\n\nIn the tiny world of atoms and particles, things don't always behave the way we expect them to. For example, a tiny particle called an electron can be in two places at the same time! This is called superposition. It's a bit tricky for us big people to understand, but it's like the LEGO blocks being many shapes and sizes at once.\n\nAnother strange thing about this magical box is that if we don't look inside, the blocks can be in any shape or size we want. But as soon as we look inside (which is like measuring something in physics), the blocks \"decide\" on one shape or size. This is called the principle of quantum uncertainty.\n\nSo, in a nutshell, quantum physics is like a magical LEGO box where things can be many places at once and can only be certain about what they are after we take a closer look! Isn't that cool?",
      "avg_similarity": 0.7938042879104614,
      "is_winner": false,
      "coordinates": [
        8.409561157226562,
        -20.49393081665039
      ]
    },
    {
      "id": 10,
      "text": "Alright, let's imagine you have a toy box with different toys. In the world we usually see (the classic world), when you look at the toys one by one, you can always tell which toy is which.\n\nNow, let's say quantum physics is like another magical toy box where sometimes, just like magic, toys can be in more than one place at the same time! This is called superposition. It's like if your favorite teddy bear was both under the bed and in the closet at the same time!\n\nBut here comes a twist: when we look inside this magical box to see where the toy (or particle, in real quantum physics) really is, it instantly picks one spot to be in. This is called observation or measurement.\n\nAnother fun part about quantum physics is that these toys can also be connected in a way that if one toy (particle) does something, like spinning left, the other toy (particle) spins automatically in the opposite direction, even if they are really far away from each other! This is called entanglement. It's like if your teddy bear and doll always dance together no matter how far apart they are in the room.\n\nFinally, it's important to remember that quantum physics helps us understand very tiny particles, like atoms and even smaller ones! So, while it might seem a bit strange and magical, it's an essential part of understanding how our world works on its smallest scales.",
      "avg_similarity": 0.7990706562995911,
      "is_winner": false,
      "coordinates": [
        62.94926452636719,
        -19.834693908691406
      ]
    }
  ],
  "similarity_matrix": [
    [
      1.0000004768371582,
      0.6292968988418579,
      0.85298752784729,
      0.7403554916381836,
      0.5215908288955688,
      0.6655638217926025,
      0.7941475510597229,
      0.7868373990058899,
      0.7571271657943726,
      0.880304753780365
    ],
    [
      0.6292968988418579,
      0.9999998211860657,
      0.7457314729690552,
      0.6693191528320312,
      0.6685144901275635,
      0.7249767184257507,
      0.7238980531692505,
      0.676912248134613,
      0.7920969128608704,
      0.6404855847358704
    ],
    [
      0.85298752784729,
      0.7457314729690552,
      1.0000003576278687,
      0.7651100158691406,
      0.6772395372390747,
      0.812867283821106,
      0.8576143980026245,
      0.7885756492614746,
      0.8131259679794312,
      0.8927962779998779
    ],
    [
      0.7403554916381836,
      0.6693191528320312,
      0.7651100158691406,
      0.9999999403953552,
      0.5584960579872131,
      0.6569300293922424,
      0.7934005260467529,
      0.6114237308502197,
      0.7262789011001587,
      0.7815943956375122
    ],
    [
      0.5215908288955688,
      0.6685144901275635,
      0.6772395372390747,
      0.5584960579872131,
      1.0,
      0.5974870324134827,
      0.6031895875930786,
      0.5938266515731812,
      0.6627964377403259,
      0.6257207989692688
    ],
    [
      0.6655638217926025,
      0.7249767184257507,
      0.812867283821106,
      0.6569300293922424,
      0.5974870324134827,
      1.000000238418579,
      0.7291697263717651,
      0.6978852152824402,
      0.7516396045684814,
      0.7012175917625427
    ],
    [
      0.7941475510597229,
      0.7238980531692505,
      0.8576143980026245,
      0.7934005260467529,
      0.6031895875930786,
      0.7291697263717651,
      0.9999995231628418,
      0.7468790411949158,
      0.8075519800186157,
      0.8354215025901794
    ],
    [
      0.7868373990058899,
      0.676912248134613,
      0.7885756492614746,
      0.6114237308502197,
      0.5938266515731812,
      0.6978852152824402,
      0.7468790411949158,
      0.9999996423721313,
      0.8118037581443787,
      0.8175438642501831
    ],
    [
      0.7571271657943726,
      0.7920969128608704,
      0.8131259679794312,
      0.7262789011001587,
      0.6627964377403259,
      0.7516396045684814,
      0.8075519800186157,
      0.8118037581443787,
      1.0000001192092896,
      0.8156219720840454
    ],
    [
      0.880304753780365,
      0.6404855847358704,
      0.8927962779998779,
      0.7815943956375122,
      0.6257207989692688,
      0.7012175917625427,
      0.8354215025901794,
      0.8175438642501831,
      0.8156219720840454,
      1.000000238418579
    ]
  ]
}